33 17 170 0 255
33 17 170 1 254
33 17 170 2 253
33 17 170 3 252
33 17 170 4 251
33 17 170 5 250
33 17 170 6 249
33 17 170 7 248
33 17 170 8 247
33 17 170 9 246
33 17 170 10 245
33 17 170 11 244
33 17 170 12 243
33 17 170 13 242
33 17 170 14 241
33 17 170 15 240
33 17 170 16 239
33 17 170 17 238
33 17 170 18 237
33 17 170 19 236
33 17 170 20 235
33 17 170 21 234
33 17 170 22 233
33 17 170 23 232
33 17 170 24 231
33 17 170 25 230
33 17 170 26 229
33 17 170 27 228
33 17 170 28 227
33 17 170 29 226
33 17 170 30 225
33 17 170 31 224
33 17 170 32 223
33 17 170 33 222
33 17 170 34 221
33 17 170 35 220
33 17 170 36 219
33 17 170 37 218
33 17 170 38 217
33 17 170 39 216
33 17 170 40 215
33 17 170 41 214
33 17 170 42 213
33 17 170 43 212
33 17 170 44 211
33 17 170 45 210
33 17 170 46 209
33 17 170 47 208
33 17 170 48 207
33 17 170 49 206
33 17 170 50 205
33 17 170 51 204
33 17 170 52 203
33 17 170 53 202
33 17 170 54 201
33 17 170 55 200
33 17 170 56 199
33 17 170 57 198
33 17 170 58 197
33 17 170 59 196
33 17 170 60 195
33 17 170 61 194
33 17 170 62 193
33 17 170 63 192
33 17 170 64 191
33 17 170 65 190
33 17 170 66 189
33 17 170 67 188
33 17 170 68 187
33 17 170 69 186
33 17 170 70 185
33 17 170 71 184
33 17 170 72 183
33 17 170 73 182
33 17 170 74 181
33 17 170 75 180
33 17 170 76 179
33 17 170 77 178
33 17 170 78 177
33 17 170 79 176
33 17 170 80 175
33 17 170 81 174
33 17 170 82 173
33 17 170 83 172
33 17 170 84 171
33 17 170 85 170
33 17 170 86 169
33 17 170 87 168
33 17 170 88 167
33 17 170 89 166
33 17 170 90 165
33 17 170 91 164
33 17 170 92 163
33 17 170 93 162
33 17 170 94 161
33 17 170 95 160
33 17 170 96 159
33 17 170 97 158
33 17 170 98 157
33 17 170 99 156
33 17 170 100 155
33 17 170 101 154
33 17 170 102 153
33 17 170 103 152
33 17 170 104 151
33 17 170 105 150
33 17 170 106 149
33 17 170 107 148
33 17 170 108 147
33 17 170 109 146
33 17 170 110 145
33 17 170 111 144
33 17 170 112 143
33 17 170 113 142
33 17 170 114 141
33 17 170 115 140
33 17 170 116 139
33 17 170 117 138
33 17 170 118 137
33 17 170 119 136
33 17 170 120 135
33 17 170 121 134
33 17 170 122 133
33 17 170 123 132
33 17 170 124 131
33 17 170 125 130
33 17 170 126 129
33 17 170 127 128
33 17 170 128 127
33 17 170 129 126
33 17 170 130 125
33 17 170 131 124
33 17 170 132 123
33 17 170 133 122
33 17 170 134 121
33 17 170 135 120
33 17 170 136 119
33 17 170 137 118
33 17 170 138 117
33 17 170 139 116
33 17 170 140 115
33 17 170 141 114
33 17 170 142 113
33 17 170 143 112
33 17 170 144 111
33 17 170 145 110
33 17 170 146 109
33 17 170 147 108
33 17 170 148 107
33 17 170 149 106
33 17 170 150 105
33 17 170 151 104
33 17 170 152 103
33 17 170 153 102
33 17 170 154 101
33 17 170 155 100
33 17 170 156 99
33 17 170 157 98
33 17 170 158 97
33 17 170 159 96
33 17 170 160 95
33 17 170 161 94
33 17 170 162 93
33 17 170 163 92
33 17 170 164 91
33 17 170 165 90
33 17 170 166 89
33 17 170 167 88
33 17 170 168 87
33 17 170 169 86
33 17 170 170 85
33 17 170 171 84
33 17 170 172 83
33 17 170 173 82
33 17 170 174 81
33 17 170 175 80
33 17 170 176 79
33 17 170 177 78
33 17 170 178 77
33 17 170 179 76
33 17 170 180 75
33 17 170 181 74
33 17 170 182 73
33 17 170 183 72
33 17 170 184 71
33 17 170 185 70
33 17 170 186 69
33 17 170 187 68
33 17 170 188 67
33 17 170 189 66
33 17 170 190 65
33 17 170 191 64
33 17 170 192 63
33 17 170 193 62
33 17 170 194 61
33 17 170 195 60
33 17 170 196 59
33 17 170 197 58
33 17 170 198 57
33 17 170 199 56
33 17 170 200 55
33 17 170 201 54
33 17 170 202 53
33 17 170 203 52
33 17 170 204 51
33 17 170 205 50
33 17 170 206 49
33 17 170 207 48
33 17 170 208 47
33 17 170 209 46
33 17 170 210 45
33 17 170 211 44
33 17 170 212 43
33 17 170 213 42
33 17 170 214 41
33 17 170 215 40
33 17 170 216 39
33 17 170 217 38
33 17 170 218 37
33 17 170 219 36
33 17 170 220 35
33 17 170 221 34
33 17 170 222 33
33 17 170 223 32
33 17 170 224 31
33 17 170 225 30
33 17 170 226 29
33 17 170 227 28
33 17 170 228 27
33 17 170 229 26
33 17 170 230 25
33 17 170 231 24
33 17 170 232 23
33 17 170 233 22
33 17 170 234 21
33 17 170 235 20
33 17 170 236 19
33 17 170 237 18
33 17 170 238 17
33 17 170 239 16
33 17 170 240 15
33 17 170 241 14
33 17 170 242 13
33 17 170 243 12
33 17 170 244 11
33 17 170 245 10
33 17 170 246 9
33 17 170 247 8
33 17 170 248 7
33 17 170 249 6
33 17 170 250 5
33 17 170 251 4
33 17 170 252 3
33 17 170 253 2
33 17 170 254 1
33 17 170 255 0
